%YAML:1.0
---
image_width: 1920
image_height: 1080
camera_matrix: !!opencv-matrix
   rows: 3
   cols: 3
   dt: f
   data: [ 9.84466553e+02, 0., 9.09271973e+02, 0., 9.84979126e+02,
       5.14304443e+02, 0., 0., 1. ]
distortion_coefficients: !!opencv-matrix
   rows: 1
   cols: 5
   dt: f
   data: [ -3.22568268e-01, 1.25372007e-01, 9.24876251e-04,
       5.22282964e-04, -2.42726412e-02 ]
